   6.4027296e+02   2.9224478e-05
   6.4025628e+02   4.2054182e-05
   6.4023960e+02   6.0253523e-05
   6.4022292e+02   8.5945793e-05
   6.4020624e+02   1.2203726e-04
   6.4018957e+02   1.7248102e-04
   6.4017289e+02   2.4261919e-04
   6.4015621e+02   3.3962253e-04
   6.4013954e+02   4.7304931e-04
   6.4012287e+02   6.5554810e-04
   6.4010619e+02   9.0373090e-04
   6.4008952e+02   1.2392441e-03
   6.4007285e+02   1.6900639e-03
   6.4005618e+02   2.2920384e-03
   6.4003951e+02   3.0906922e-03
   6.4002284e+02   4.1432976e-03
   6.4000618e+02   5.5211959e-03
   6.3998951e+02   7.3123323e-03
   6.3997284e+02   9.6239305e-03
   6.3995618e+02   1.2585196e-02
   6.3993952e+02   1.6349892e-02
   6.3992285e+02   2.1098568e-02
   6.3990619e+02   2.7040182e-02
   6.3988953e+02   3.4412787e-02
   6.3987287e+02   4.3482912e-02
   6.3985621e+02   5.4543247e-02
   6.3983955e+02   6.7908205e-02
   6.3982289e+02   8.3906996e-02
   6.3980623e+02   1.0287390e-01
   6.3978958e+02   1.2513556e-01
   6.3977292e+02   1.5099521e-01
   6.3975627e+02   1.8071417e-01
   6.3973962e+02   2.1449104e-01
   6.3972296e+02   2.5243927e-01
   6.3970631e+02   2.9456446e-01
   6.3968966e+02   3.4074257e-01
   6.3967301e+02   3.9070077e-01
   6.3965636e+02   4.4400271e-01
   6.3963971e+02   5.0003999e-01
   6.3962307e+02   5.5803140e-01
   6.3960642e+02   6.1703141e-01
   6.3958977e+02   6.7594850e-01
   6.3957313e+02   7.3357378e-01
   6.3955648e+02   7.8861902e-01
   6.3953984e+02   8.3976300e-01
   6.3952320e+02   8.8570378e-01
   6.3950656e+02   9.2521423e-01
   6.3948992e+02   9.5719740e-01
   6.3947328e+02   9.8073825e-01
   6.3945664e+02   9.9514831e-01
   6.3944000e+02   1.0000000e+00
   6.3942336e+02   9.9514831e-01
   6.3940673e+02   9.8073825e-01
   6.3939009e+02   9.5719740e-01
   6.3937346e+02   9.2521423e-01
   6.3935682e+02   8.8570378e-01
   6.3934019e+02   8.3976300e-01
   6.3932356e+02   7.8861902e-01
   6.3930693e+02   7.3357378e-01
   6.3929030e+02   6.7594850e-01
   6.3927367e+02   6.1703141e-01
   6.3925704e+02   5.5803140e-01
   6.3924041e+02   5.0003999e-01
   6.3922379e+02   4.4400271e-01
   6.3920716e+02   3.9070077e-01
   6.3919053e+02   3.4074257e-01
   6.3917391e+02   2.9456446e-01
   6.3915729e+02   2.5243927e-01
   6.3914066e+02   2.1449104e-01
   6.3912404e+02   1.8071417e-01
   6.3910742e+02   1.5099521e-01
   6.3909080e+02   1.2513556e-01
   6.3907418e+02   1.0287390e-01
   6.3905757e+02   8.3906996e-02
   6.3904095e+02   6.7908205e-02
   6.3902433e+02   5.4543247e-02
   6.3900772e+02   4.3482912e-02
   6.3899110e+02   3.4412787e-02
   6.3897449e+02   2.7040182e-02
   6.3895788e+02   2.1098568e-02
   6.3894126e+02   1.6349892e-02
   6.3892465e+02   1.2585196e-02
   6.3890804e+02   9.6239305e-03
   6.3889143e+02   7.3123323e-03
   6.3887482e+02   5.5211959e-03
   6.3885822e+02   4.1432976e-03
   6.3884161e+02   3.0906922e-03
   6.3882500e+02   2.2920384e-03
   6.3880840e+02   1.6900639e-03
   6.3879179e+02   1.2392441e-03
   6.3877519e+02   9.0373090e-04
   6.3875859e+02   6.5554810e-04
   6.3874199e+02   4.7304931e-04
   6.3872539e+02   3.3962253e-04
   6.3870879e+02   2.4261919e-04
   6.3869219e+02   1.7248102e-04
   6.3867559e+02   1.2203726e-04
   6.3865899e+02   8.5945793e-05
   6.3864240e+02   6.0253523e-05
   6.3862580e+02   4.2054182e-05
   6.3860921e+02   2.9224478e-05
