   6.4027296e+02   1.4675564e-01
   6.4025628e+02   1.5188769e-01
   6.4023960e+02   1.5727656e-01
   6.4022292e+02   1.6293829e-01
   6.4020624e+02   1.6889010e-01
   6.4018957e+02   1.7515040e-01
   6.4017289e+02   1.8173892e-01
   6.4015621e+02   1.8867675e-01
   6.4013954e+02   1.9598650e-01
   6.4012287e+02   2.0369229e-01
   6.4010619e+02   2.1181994e-01
   6.4008952e+02   2.2039700e-01
   6.4007285e+02   2.2945283e-01
   6.4005618e+02   2.3901872e-01
   6.4003951e+02   2.4912789e-01
   6.4002284e+02   2.5981560e-01
   6.4000618e+02   2.7111910e-01
   6.3998951e+02   2.8307767e-01
   6.3997284e+02   2.9573251e-01
   6.3995618e+02   3.0912665e-01
   6.3993952e+02   3.2330471e-01
   6.3992285e+02   3.3831264e-01
   6.3990619e+02   3.5419727e-01
   6.3988953e+02   3.7100569e-01
   6.3987287e+02   3.8878456e-01
   6.3985621e+02   4.0757901e-01
   6.3983955e+02   4.2743140e-01
   6.3982289e+02   4.4837971e-01
   6.3980623e+02   4.7045546e-01
   6.3978958e+02   4.9368135e-01
   6.3977292e+02   5.1806823e-01
   6.3975627e+02   5.4361164e-01
   6.3973962e+02   5.7028779e-01
   6.3972296e+02   5.9804894e-01
   6.3970631e+02   6.2681835e-01
   6.3968966e+02   6.5648488e-01
   6.3967301e+02   6.8689746e-01
   6.3965636e+02   7.1785981e-01
   6.3963971e+02   7.4912586e-01
   6.3962307e+02   7.8039648e-01
   6.3960642e+02   8.1131826e-01
   6.3958977e+02   8.4148511e-01
   6.3957313e+02   8.7044351e-01
   6.3955648e+02   8.9770205e-01
   6.3953984e+02   9.2274562e-01
   6.3952320e+02   9.4505410e-01
   6.3950656e+02   9.6412500e-01
   6.3948992e+02   9.7949853e-01
   6.3947328e+02   9.9078326e-01
   6.3945664e+02   9.9767978e-01
   6.3944000e+02   1.0000000e+00
   6.3942336e+02   9.9767978e-01
   6.3940673e+02   9.9078326e-01
   6.3939009e+02   9.7949853e-01
   6.3937346e+02   9.6412500e-01
   6.3935682e+02   9.4505410e-01
   6.3934019e+02   9.2274562e-01
   6.3932356e+02   8.9770205e-01
   6.3930693e+02   8.7044351e-01
   6.3929030e+02   8.4148511e-01
   6.3927367e+02   8.1131826e-01
   6.3925704e+02   7.8039648e-01
   6.3924041e+02   7.4912586e-01
   6.3922379e+02   7.1785981e-01
   6.3920716e+02   6.8689746e-01
   6.3919053e+02   6.5648488e-01
   6.3917391e+02   6.2681835e-01
   6.3915729e+02   5.9804894e-01
   6.3914066e+02   5.7028779e-01
   6.3912404e+02   5.4361164e-01
   6.3910742e+02   5.1806823e-01
   6.3909080e+02   4.9368135e-01
   6.3907418e+02   4.7045546e-01
   6.3905757e+02   4.4837971e-01
   6.3904095e+02   4.2743140e-01
   6.3902433e+02   4.0757901e-01
   6.3900772e+02   3.8878456e-01
   6.3899110e+02   3.7100569e-01
   6.3897449e+02   3.5419727e-01
   6.3895788e+02   3.3831264e-01
   6.3894126e+02   3.2330471e-01
   6.3892465e+02   3.0912665e-01
   6.3890804e+02   2.9573251e-01
   6.3889143e+02   2.8307767e-01
   6.3887482e+02   2.7111910e-01
   6.3885822e+02   2.5981560e-01
   6.3884161e+02   2.4912789e-01
   6.3882500e+02   2.3901872e-01
   6.3880840e+02   2.2945283e-01
   6.3879179e+02   2.2039700e-01
   6.3877519e+02   2.1181994e-01
   6.3875859e+02   2.0369229e-01
   6.3874199e+02   1.9598650e-01
   6.3872539e+02   1.8867675e-01
   6.3870879e+02   1.8173892e-01
   6.3869219e+02   1.7515040e-01
   6.3867559e+02   1.6889010e-01
   6.3865899e+02   1.6293829e-01
   6.3864240e+02   1.5727656e-01
   6.3862580e+02   1.5188769e-01
   6.3860921e+02   1.4675564e-01
